X_MEAN = [3.215049, 2.197991, 6.101390]
X_STD  = [7.078470, 32.847725, 3.533574]
Y_MEAN = 0.053318
Y_STD  = 2.952577

W1 = [
    [-0.336977, -1.100056, -2.072914, -1.305943, 0.932461, -0.886965, -0.516632, -2.988986, -0.919044, 2.568051, -0.365067, -1.451283, 4.052559, -3.452499, 3.512136, 0.762228],
    [5.034006, -4.225824, 3.676621, -0.716412, 6.336661, -0.912275, 3.606602, 0.390942, 3.494121, -2.068714, -0.925750, 1.200825, 2.421424, 0.554454, 1.962403, -1.182831],
    [0.323842, -2.672730, -0.652476, -0.785944, 0.791926, 0.990332, 3.088618, 1.573190, 3.673136, 0.330307, 1.414552, -0.388239, 0.293838, 1.575305, -0.727081, -0.871890],
]
B1 = [1.941282, -1.043577, 2.639736, -3.416066, -0.006989, -2.157502, -2.287784, -0.024834, -0.299027, -1.827786, 0.290092, -0.075051, 1.222892, -3.101284, -3.366696, 0.141464]

W2 = [
    [0.434005, 0.404976, -1.411125, 0.004152, -0.478102, -0.207241, 3.126933, 0.146588, -1.258493, -0.495443, -0.646918, -0.005571],
    [0.436840, -0.671773, 0.177167, 0.173925, -0.493027, 0.222307, -1.942553, 0.006009, 0.975473, 1.069206, -0.051697, 1.438890],
    [-0.609024, 0.292190, -0.636963, -0.551713, -0.189720, 0.420542, 2.527719, -0.130593, -1.364584, -0.753149, -1.206701, -0.633617],
    [0.785145, -0.766214, 1.039510, 0.441460, 0.241200, -1.498807, -0.878794, -0.076483, 1.173244, 0.363546, 0.936927, 1.182713],
    [-0.324177, 0.103805, 0.012531, 0.641548, -0.053049, -0.024862, 4.053089, -0.213762, -0.426331, 0.064741, 0.062934, -1.655072],
    [-1.591578, -0.402230, -0.599106, -0.711958, -0.146940, 0.460267, 0.425323, 0.417360, -0.590607, -0.854310, -0.411983, -0.998439],
    [1.972791, -0.552571, 0.289741, 1.385172, 0.211333, -2.799243, 0.510143, 0.441901, 0.622506, -0.406182, -0.473017, 2.381197],
    [1.325284, -0.571871, 1.200052, -0.117598, -0.167065, -1.432102, -0.857747, -0.241953, 0.818853, 0.216784, 0.430132, 0.602141],
    [1.932461, 0.246039, -0.800750, 0.629827, -0.083829, -2.695754, 0.962394, 0.161423, -0.278787, -0.364900, -0.395096, 2.072182],
    [-1.732098, 0.081506, -0.906449, -0.818606, 0.445536, 2.255376, -0.176331, -0.329245, -0.690269, -1.054974, -0.014851, -2.105878],
    [-0.637402, -0.814917, -1.759416, -0.783441, 0.476810, -0.249336, 0.538073, -0.146124, 0.370954, -0.789502, -0.556621, -0.184706],
    [0.710063, 0.302993, 0.183962, -0.068696, -0.291449, -0.934290, 1.574440, 0.394512, -0.629614, 0.622036, 0.192235, -0.070867],
    [1.457209, -1.042971, 1.906584, 1.013565, -0.063168, -1.222898, -3.495694, -1.387901, 3.507646, 0.949463, 1.794263, 4.035397],
    [-1.797771, -0.246311, -0.970802, -0.768676, -0.324020, 0.809964, 0.217293, 0.955830, -0.194631, -0.769883, -0.834082, -2.939138],
    [-1.914929, 0.843503, -1.169712, -1.407400, -0.371899, 3.254414, 0.526176, 0.334739, -1.449976, -1.400351, -0.651643, -2.337904],
    [-0.236275, -0.650885, 0.282590, 0.594714, 0.109914, 0.148782, -0.332975, -1.099967, 0.441443, 0.312744, 1.076701, 0.280450],
]
B2 = [-0.352737, 0.104355, -0.629546, -0.621758, -0.001205, 0.103111, 0.318679, 0.129354, -0.695435, -0.501531, -0.041516, -0.278148]

W3 = [
    [-1.041929, -0.849237, -0.421976, -0.012181, -0.710553, 3.025520, 0.339284, -0.752126],
    [1.193167, -0.143387, -1.134226, -0.075481, 0.136416, -0.802323, -0.312653, 0.879398],
    [-1.667472, -0.314795, 0.162425, -0.189340, 0.103120, 1.631670, 0.806907, -1.212164],
    [-0.120456, -0.383507, -0.282250, -0.186717, -1.641410, 2.034457, 0.038538, 0.355855],
    [-0.364534, -0.548421, -0.293653, -0.241374, 0.493990, -0.281183, -0.617830, -0.256420],
    [1.192104, 0.006078, 0.821239, -0.207303, 0.996700, -4.855623, -1.944889, -0.202468],
    [5.372768, 0.077622, -0.813220, -0.703177, 0.338369, -1.334350, -1.149985, 1.197563],
    [0.871635, 0.438151, -0.096056, 0.208342, -0.268654, -1.911934, -0.641848, 0.687885],
    [-3.317178, -0.991347, 0.056482, -0.472122, -0.807293, 0.200660, -0.220214, 0.131122],
    [-0.883336, -0.276100, -0.238173, -0.450212, -0.442014, 1.527753, 0.059463, -0.454805],
    [-2.020212, -0.106221, 0.369511, -0.601045, -0.456635, 0.431554, -0.205818, -0.349146],
    [-3.456298, -0.137599, 0.328337, 0.514905, -0.846832, 3.237047, 0.658042, -0.386412],
]
B3 = [0.393848, -0.115406, -0.403443, -0.103587, -0.136808, -2.202840, -1.599290, 0.325642]

W4 = [
    [4.216313],
    [-0.240566],
    [0.053509],
    [0.668549],
    [-1.437866],
    [-4.292853],
    [-1.152320],
    [0.540776],
]
B4 = [0.259655]